009901 8.2812
009902 7.1173
009903 8.8433
009904 8.6735
009905 7.3912
009906 8.6001
009907 9.4506
009908 8.2516
009909 8.3575
009910 9.8126
009911 8.3568
009912 7.3692
009913 8.8413
009914 7.2984
009915 8.9342
009916 8.0583
009917 9.3964
009918 8.8358
009919 8.6170
009920 8.7532
009921 8.5052
009922 8.3234
009923 8.6410
009924 10.1006
009925 7.9237
009926 9.2449
009927 9.3774
009928 9.1049
009929 9.7091
009930 9.1431
009931 8.6835
009932 8.2549
009933 7.9993
009934 8.9761
009935 8.3373
009936 8.4304
009937 8.6312
009938 9.6225
009939 9.8317
009940 9.3791
009941 9.2720
009942 10.2092
009943 9.5919
009944 8.9158
009945 9.2775
009946 9.6022
009947 8.7905
009948 9.2634
009949 8.2259
009950 9.7189
009951 9.2735
009952 9.1578
009953 11.5589
009954 9.7857
009955 9.3116
009956 7.9096
009957 7.9488
009958 9.0460
009959 8.1846
009960 9.1103
009961 8.2036
009962 9.5528
009963 9.7026
009964 9.5642
009965 8.7556
009966 9.1119
009967 9.0002
009968 8.6544
009969 8.4133
009970 8.7469
009971 10.0955
009972 9.1577
009973 7.8207
009974 10.1982
009975 8.2774
009976 8.0207
009977 8.5890
009978 9.5980
009979 8.3818
009980 9.5956
009981 8.2861
009982 10.6407
009983 8.3158
009984 7.4540
009985 8.7550
009986 10.0014
009987 10.1307
009988 8.6387
009989 9.1163
009990 9.8022
009991 8.5182
009992 8.5925
009993 9.0039
009994 8.1998
009995 8.1515
009996 8.6425
009997 9.5820
009998 7.3773
009999 10.4258
010000 10.5359
