009901 7.4165
009902 7.6130
009903 7.5086
009904 9.2735
009905 6.8726
009906 7.8097
009907 8.1316
009908 6.8835
009909 7.6198
009910 7.0115
009911 8.9515
009912 6.9768
009913 7.4729
009914 7.4682
009915 9.0131
009916 7.2924
009917 8.2536
009918 7.7618
009919 7.6303
009920 7.8592
009921 7.5206
009922 7.4920
009923 7.5835
009924 7.0542
009925 7.1139
009926 10.1690
009927 8.0662
009928 8.3950
009929 7.7977
009930 8.8897
009931 7.8479
009932 8.2063
009933 7.2730
009934 8.8216
009935 8.1721
009936 8.4390
009937 7.4063
009938 9.5805
009939 8.7505
009940 9.5534
009941 7.6208
009942 7.7857
009943 8.8543
009944 8.3409
009945 8.1259
009946 8.5094
009947 8.3865
009948 8.9945
009949 7.4934
009950 7.9370
009951 8.1563
009952 7.2503
009953 10.1460
009954 9.8817
009955 8.8200
009956 7.5915
009957 7.7271
009958 7.0982
009959 6.9849
009960 7.8018
009961 8.0646
009962 8.4719
009963 7.4199
009964 8.8559
009965 7.7626
009966 7.7464
009967 8.5634
009968 8.8479
009969 8.5616
009970 8.1133
009971 8.9333
009972 8.5560
009973 7.0894
009974 7.5847
009975 7.6705
009976 7.4220
009977 7.5858
009978 7.6200
009979 6.9241
009980 8.9360
009981 8.0452
009982 8.4797
009983 7.4459
009984 6.5622
009985 9.9141
009986 9.0720
009987 10.0198
009988 8.6451
009989 7.5228
009990 7.5075
009991 6.8239
009992 8.2791
009993 7.2422
009994 7.7826
009995 8.1490
009996 7.5338
009997 7.7954
009998 6.6667
009999 8.2744
010000 7.6315
